image_width: 1280
image_height: 720
camera_name: narrow_stereo
camera_matrix:
  rows: 3
  cols: 3
  data: [941.399691, 0, 658.043157, 0, 941.793423, 362.270225, 0, 0, 1]
distortion_model: plumb_bob
distortion_coefficients:
  rows: 1
  cols: 5
  data: [0.125164, -0.172933, 0.004664, -0.001488, 0]
rectification_matrix:
  rows: 3
  cols: 3
  data: [1, 0, 0, 0, 1, 0, 0, 0, 1]
projection_matrix:
  rows: 3
  cols: 4
  data: [962.32196, 0, 656.656029, 0, 0, 964.164246, 365.276424, 0, 0, 0, 1, 0]