image_width: 1280
image_height: 720
camera_name: narrow_stereo
camera_matrix:
  rows: 3
  cols: 3
  data: [972.709147, 0, 688.049353, 0, 970.73206, 369.848135, 0, 0, 1]
distortion_model: plumb_bob
distortion_coefficients:
  rows: 1
  cols: 5
  data: [0.136399, -0.217531, 0.003954, 0.004791999999999999, 0]
rectification_matrix:
  rows: 3
  cols: 3
  data: [1, 0, 0, 0, 1, 0, 0, 0, 1]
projection_matrix:
  rows: 3
  cols: 4
  data: [988.40802, 0, 696.329699, 0, 0, 995.189758, 372.06986, 0, 0, 0, 1, 0]