image_width: 1280
image_height: 720
camera_name: narrow_stereo
camera_matrix:
  rows: 3
  cols: 3
  data: [947.9131180000001, 0, 674.8965490000001, 0, 947.096765, 372.449861, 0, 0, 1]
distortion_model: plumb_bob
distortion_coefficients:
  rows: 1
  cols: 5
  data: [0.102928, -0.154742, 0.004852, 0.0008449999999999999, 0]
rectification_matrix:
  rows: 3
  cols: 3
  data: [1, 0, 0, 0, 1, 0, 0, 0, 1]
projection_matrix:
  rows: 3
  cols: 4
  data: [962.328613, 0, 677.253976, 0, 0, 963.56427, 375.352729, 0, 0, 0, 1, 0]