image_width: 1280
image_height: 720
camera_name: narrow_stereo
camera_matrix:
  rows: 3
  cols: 3
  data: [964.118175, 0, 705.412302, 0, 954.739163, 401.274023, 0, 0, 1]
distortion_model: plumb_bob
distortion_coefficients:
  rows: 1
  cols: 5
  data: [0.120636, -0.147219, 0.009254, 0.006980999999999999, 0]
rectification_matrix:
  rows: 3
  cols: 3
  data: [1, 0, 0, 0, 1, 0, 0, 0, 1]
projection_matrix:
  rows: 3
  cols: 4
  data: [987.6723019999999, 0, 716.042898, 0, 0, 983.720947, 407.522426, 0, 0, 0, 1, 0]