image_width: 1280
image_height: 720
camera_name: narrow_stereo
camera_matrix:
  rows: 3
  cols: 3
  data: [892.796283, 0, 677.463165, 0, 890.496335, 389.017607, 0, 0, 1]
distortion_model: plumb_bob
distortion_coefficients:
  rows: 1
  cols: 5
  data: [0.054333, -0.061857, 0.00566, 0.003608, 0]
rectification_matrix:
  rows: 3
  cols: 3
  data: [1, 0, 0, 0, 1, 0, 0, 0, 1]
projection_matrix:
  rows: 3
  cols: 4
  data: [904.185852, 0, 683.428892, 0, 0, 904.4894410000001, 393.18149, 0, 0, 0, 1, 0]