*** Added sample 89, p_x = 0.324, p_y = 0.951, p_size = 0.155, skew = 0.120
D = [0.09373675679338056, -0.13805331744902302, -0.003562983362773389, -0.004719918050880061, 0.0]
K = [955.1312999050629, 0.0, 647.8077915535926, 0.0, 953.9643399525982, 353.54161938615584, 0.0, 0.0, 1.0]
R = [1.0, 0.0, 0.0, 0.0, 1.0, 0.0, 0.0, 0.0, 1.0]
P = [969.5693359375, 0.0, 641.9160435572849, 0.0, 0.0, 973.1484375, 351.27001570235007, 0.0, 0.0, 0.0, 1.0, 0.0]
None
# oST version 5.0 parameters


[image]

width
1280

height
720

[narrow_stereo]

camera matrix
955.131300 0.000000 647.807792
0.000000 953.964340 353.541619
0.000000 0.000000 1.000000

distortion
0.093737 -0.138053 -0.003563 -0.004720 0.000000

rectification
1.000000 0.000000 0.000000
0.000000 1.000000 0.000000
0.000000 0.000000 1.000000

projection
969.569336 0.000000 641.916044 0.000000
0.000000 973.148438 351.270016 0.000000
0.000000 0.000000 1.000000 0.000000

