**** Calibrating ****
D = [0.12516409051929198, -0.17293257047299462, 0.004664030260387282, -0.0014876057545655532, 0.0]
K = [941.3996913261545, 0.0, 658.0431574689646, 0.0, 941.793423170841, 362.2702251275408, 0.0, 0.0, 1.0]
R = [1.0, 0.0, 0.0, 0.0, 1.0, 0.0, 0.0, 0.0, 1.0]
P = [962.3219604492188, 0.0, 656.6560293165749, 0.0, 0.0, 964.1642456054688, 365.27642422915596, 0.0, 0.0, 0.0, 1.0, 0.0]
None
# oST version 5.0 parameters


[image]

width
1280

height
720

[narrow_stereo]

camera matrix
941.399691 0.000000 658.043157
0.000000 941.793423 362.270225
0.000000 0.000000 1.000000

distortion
0.125164 -0.172933 0.004664 -0.001488 0.000000

rectification
1.000000 0.000000 0.000000
0.000000 1.000000 0.000000
0.000000 0.000000 1.000000

projection
962.321960 0.000000 656.656029 0.000000
0.000000 964.164246 365.276424 0.000000
0.000000 0.000000 1.000000 0.000000

**** Calibrating ****
D = [0.12516409051929198, -0.17293257047299462, 0.004664030260387282, -0.0014876057545655532, 0.0]
K = [941.3996913261545, 0.0, 658.0431574689646, 0.0, 941.793423170841, 362.2702251275408, 0.0, 0.0, 1.0]
R = [1.0, 0.0, 0.0, 0.0, 1.0, 0.0, 0.0, 0.0, 1.0]
P = [962.3219604492188, 0.0, 656.6560293165749, 0.0, 0.0, 964.1642456054688, 365.27642422915596, 0.0, 0.0, 0.0, 1.0, 0.0]
None
# oST version 5.0 parameters


[image]

width
1280

height
720

[narrow_stereo]

camera matrix
941.399691 0.000000 658.043157
0.000000 941.793423 362.270225
0.000000 0.000000 1.000000

distortion
0.125164 -0.172933 0.004664 -0.001488 0.000000

rectification
1.000000 0.000000 0.000000
0.000000 1.000000 0.000000
0.000000 0.000000 1.000000

projection
962.321960 0.000000 656.656029 0.000000
0.000000 964.164246 365.276424 0.000000
0.000000 0.000000 1.000000 0.000000

('Wrote calibration data to', '/tmp/calibrationdata.tar.gz')
('Wrote calibration data to', '/tmp/calibrationdata.tar.gz')
D = [0.12516409051929198, -0.17293257047299462, 0.004664030260387282, -0.0014876057545655532, 0.0]
K = [941.3996913261545, 0.0, 658.0431574689646, 0.0, 941.793423170841, 362.2702251275408, 0.0, 0.0, 1.0]
R = [1.0, 0.0, 0.0, 0.0, 1.0, 0.0, 0.0, 0.0, 1.0]
P = [962.3219604492188, 0.0, 656.6560293165749, 0.0, 0.0, 964.1642456054688, 365.27642422915596, 0.0, 0.0, 0.0, 1.0, 0.0]
# oST version 5.0 parameters


[image]

width
1280

height
720

[narrow_stereo]

camera matrix
941.399691 0.000000 658.043157
0.000000 941.793423 362.270225
0.000000 0.000000 1.000000

distortion
0.125164 -0.172933 0.004664 -0.001488 0.000000

rectification
1.000000 0.000000 0.000000
0.000000 1.000000 0.000000
0.000000 0.000000 1.000000

projection
962.321960 0.000000 656.656029 0.000000
0.000000 964.164246 365.276424 0.000000
0.000000 0.000000 1.000000 0.000000

